      0 1827.1 1377.6 181.9 267.6 820.0 820.0 0.0 1493.2
     10 1827.1 1315.5 243.7 267.9 820.0 820.0 0.0 1431.4
     21 1827.1 1245.9 313.3 267.9 820.0 820.0 0.0 1361.8
     31 1827.1 1179.1 380.0 267.9 820.0 820.0 0.0 1295.0
     41 1827.1 1113.6 445.5 267.9 820.0 820.0 0.0 1229.5
     52 1827.1 1046.1 513.0 267.9 820.0 820.0 0.0 1162.0
     62 1827.1 979.2 579.9 267.9 820.0 820.0 0.0 1095.1
     72 1827.1 911.3 647.8 267.9 820.0 820.0 0.0 1027.2
     83 1827.1 839.8 719.3 267.9 820.0 820.0 0.0 955.7
     93 1827.1 774.0 785.1 267.9 820.0 820.0 0.0 889.9
    103 1827.1 707.4 851.7 267.9 820.0 820.0 0.0 823.3
    114 1827.1 643.1 916.0 267.9 820.0 820.0 0.0 759.0
    124 1827.1 574.0 985.1 267.9 820.0 820.0 0.0 689.9
    134 1827.1 507.3 1051.8 267.9 820.0 820.0 0.0 623.2
    145 1827.1 446.8 1112.3 267.9 820.0 820.0 0.0 562.7
    155 1827.1 379.4 1179.7 267.9 820.0 820.0 0.0 495.3
    165 1827.1 309.2 1249.9 267.9 820.0 820.0 0.0 425.1
    176 1827.1 238.7 1320.4 267.9 820.0 820.0 0.0 354.6
    186 1827.1 166.1 1393.0 267.9 820.0 820.0 0.0 282.0
    196 1827.1 105.2 1454.0 267.9 820.0 820.0 0.0 221.1
    207 1827.1 75.9 1523.4 227.8 820.0 819.0 1.0 152.7
    218 1827.1 74.3 1595.7 157.1 820.0 810.5 9.5 86.3
    228 1827.1 69.5 1652.8 104.7 820.0 787.0 33.0 48.7
    239 1827.1 66.3 1689.0 71.7 820.0 745.2 74.8 28.9
    250 1827.1 66.5 1709.2 51.4 820.0 690.5 129.5 19.0
    261 1827.1 71.3 1710.6 45.2 820.0 611.5 208.5 20.7
    273 1827.1 90.1 1690.9 46.1 820.0 517.7 302.3 39.9
    284 1827.1 68.6 1711.9 46.6 820.0 461.5 358.5 18.7
    295 1827.1 70.7 1710.1 46.2 820.0 370.2 449.8 20.7
    306 1827.1 68.6 1711.4 47.1 820.0 302.2 517.8 19.0
    316 1827.1 74.1 1709.4 43.6 820.0 234.2 585.8 22.8
    327 1827.1 65.2 1716.6 45.3 820.0 167.0 653.0 14.6
    337 1827.1 71.1 1712.5 43.5 820.0 89.2 730.8 19.7
    348 1827.1 71.3 1709.8 45.9 820.0 11.3 808.7 21.1
    412 1827.1 1626.5 149.9 50.7 820.0 784.2 35.8 1578.4
    424 1827.1 1608.7 150.5 67.9 820.0 784.5 35.5 1569.1
