      0 1827.1 1642.3 109.2 75.6 820.0 728.5 91.5 1606.7
     11 1827.1 1555.6 195.9 75.6 820.0 728.5 91.5 1520.0
     21 1827.1 1470.3 281.1 75.6 820.0 728.5 91.5 1434.8
     32 1827.1 1384.6 366.9 75.6 820.0 728.5 91.5 1349.0
     42 1827.1 1301.0 450.4 75.6 820.0 728.5 91.5 1265.4
     52 1827.1 1215.9 535.5 75.6 820.0 728.5 91.5 1180.3
     63 1827.1 1128.5 622.9 75.6 820.0 728.5 91.5 1093.0
     73 1827.1 1041.5 710.0 75.6 820.0 728.5 91.5 1005.9
     84 1827.1 953.4 798.0 75.6 820.0 728.5 91.5 917.8
     94 1827.1 866.2 885.2 75.6 820.0 728.5 91.5 830.7
    105 1827.1 779.2 972.2 75.6 820.0 728.5 91.5 743.6
    115 1827.1 699.5 1051.9 75.6 820.0 728.5 91.5 663.9
    125 1827.1 612.7 1138.7 75.6 820.0 728.5 91.5 577.2
    136 1827.1 525.1 1226.3 75.6 820.0 728.5 91.5 489.6
    146 1827.1 437.8 1313.6 75.6 820.0 728.5 91.5 402.3
    157 1827.1 350.6 1400.8 75.6 820.0 728.5 91.5 315.1
    167 1827.1 263.5 1487.9 75.6 820.0 728.5 91.5 227.9
    177 1827.1 183.5 1567.9 75.6 820.0 728.5 91.5 147.9
    188 1827.1 95.9 1655.5 75.6 820.0 728.5 91.5 60.4
    200 1827.1 76.6 1711.9 38.6 820.0 668.4 151.6 22.8
    213 1827.1 73.9 1709.0 44.1 820.0 564.1 255.9 22.9
    225 1827.1 75.9 1701.9 49.2 820.0 462.2 357.8 27.5
    236 1827.1 65.2 1712.4 49.4 820.0 387.4 432.6 16.9
    246 1827.1 69.3 1709.4 48.3 820.0 297.6 522.4 20.4
    257 1827.1 72.4 1711.7 42.9 820.0 216.5 603.5 20.8
    268 1827.1 69.9 1714.6 42.6 820.0 128.4 691.6 18.1
    279 1827.1 71.3 1712.2 43.6 820.0 28.9 791.1 20.1
    297 1827.1 750.6 1021.8 54.6 820.0 435.7 384.3 704.6
    309 1827.1 656.8 1107.3 62.9 820.0 435.7 384.3 615.0
    319 1827.1 570.5 1193.5 63.1 820.0 435.7 384.3 528.7
    330 1827.1 483.4 1280.6 63.1 820.0 435.7 384.3 441.6
    340 1827.1 397.0 1366.9 63.2 820.0 435.7 384.3 355.3
    350 1827.1 310.6 1453.3 63.2 820.0 435.7 384.3 268.8
    360 1827.1 223.7 1539.8 63.6 820.0 435.7 384.3 182.2
    371 1827.1 138.8 1623.2 65.1 820.0 435.8 384.2 98.0
    381 1827.1 54.3 1707.6 65.1 820.0 435.8 384.2 13.6
    392 1827.1 66.2 1712.7 48.1 820.0 349.5 470.5 17.0
    404 1827.1 73.5 1706.3 47.3 820.0 259.6 560.4 23.9
    414 1827.1 78.5 1705.7 42.8 820.0 156.4 663.6 26.6
    426 1827.1 67.3 1714.3 45.5 820.0 65.0 755.0 16.8
    544 1827.1 1678.4 98.0 50.7 820.0 727.3 92.7 1630.4
