      0    4237 user      20   0  226712   7488   3000 R  47.1   0.4   0:00.48 mem.bash
     11    4237 user      20   0  270932  51576   3000 R  46.7   2.8   0:05.54 mem.bash
     21    4237 user      20   0  314624  95136   3000 R  46.7   5.1   0:10.58 mem.bash
     32    4237 user      20   0  358448 138960   3000 R  46.7   7.4   0:15.62 mem.bash
     42    4237 user      20   0  401084 181728   3000 R  50.0   9.7   0:20.68 mem.bash
     52    4237 user      20   0  444644 225288   3000 R  53.3  12.0   0:25.78 mem.bash
     63    4237 user      20   0  489260 269904   3000 R  50.0  14.4   0:30.88 mem.bash
     73    4237 user      20   0  533612 314256   3000 R  60.0  16.8   0:35.97 mem.bash
     84    4237 user      20   0  578624 359136   3000 R  46.7  19.2   0:41.08 mem.bash
     94    4237 user      20   0  623240 403752   3000 R  43.8  21.6   0:46.17 mem.bash
    105    4237 user      20   0  667592 448368   3000 R  46.7  24.0   0:51.26 mem.bash
    115    4237 user      20   0  708380 489024   3000 R  53.3  26.1   0:56.35 mem.bash
    125    4237 user      20   0  752600 533376   3000 R  46.7  28.5   1:01.43 mem.bash
    136    4237 user      20   0  797612 578256   3000 R  53.3  30.9   1:06.53 mem.bash
    146    4237 user      20   0  842360 622872   3000 R  46.7  33.3   1:11.63 mem.bash
    157    4237 user      20   0  886712 667488   3000 R  43.8  35.7   1:16.73 mem.bash
    167    4237 user      20   0  931196 711840   3000 R  43.8  38.0   1:21.81 mem.bash
    177    4237 user      20   0  972116 752760   3000 R  53.3  40.2   1:26.89 mem.bash
    188    4237 user      20   0 1016864 797376   3000 R  46.7  42.6   1:31.98 mem.bash
    200    4237 user      20   0 1071248 790336    704 R  37.9  42.2   1:38.26 mem.bash
    213    4237 user      20   0 1122332 735440    980 R  37.0  39.3   1:44.08 mem.bash
    225    4237 user      20   0 1170644 707612    980 R  43.2  37.8   1:49.61 mem.bash
    236    4237 user      20   0 1214996 721960    948 R  46.7  38.6   1:54.69 mem.bash
    246    4237 user      20   0 1256840 723248    948 R  47.1  38.7   1:59.83 mem.bash
    257    4237 user      20   0 1299740 727472    948 R  46.7  38.9   2:04.76 mem.bash
    268    4237 user      20   0 1344356 734912    948 R  50.0  39.3   2:09.89 mem.bash
    279    4237 user      20   0 1390688 738512    800 R  50.0  39.5   2:15.25 mem.bash
    297 
    309 
    319 
    330 
    340 
    350 
    360 
    371 
    381 
    392 
    404 
    414 
    426 
    544 
